>> a3q5script
power lambda1 -3.00000

x1 =

    0.6667
   -0.3333
         0

power lambda2 -3.33333

x2 =

    0.5000
   -0.4000
    0.1000

lambda1 - power lambda2 -0.08088
=================== part b ===================
power u1 -1.50000

x1 =

    0.5000
    0.3333
    0.1667

lambda3 - power lambda1 0.08088